binned_distance	distance	AG.v50.1cell.iced.5kb	AG.v50.48hr.iced.5kb	AG.v50.60hr.iced.5kb	AG.v50.5day.iced.5kb	AG.v50.10day.iced.5kb
0	47509.5	9.557227343	9.557227343	9.557227343	9.557227343153741	9.557227343
100000	147529.5	0.6058706896773887	0.6747603340086872	0.6471720248440775	1.509171821148165	1.6798252667394966
200000	247549.5	0.3225935466128491	0.3228866924441637	0.31917791825697367	0.7947125363618908	1.1227523593294608
300000	347569.5	0.23047366276647183	0.2280965260050644	0.22455471648917277	0.5446392121033595	0.8860204172929464
400000	447589.5	0.18547520702718584	0.18320262586034522	0.17594695154528875	0.4189481881875357	0.7821361854751998
500000	547609.5	0.16027761763651763	0.1576629491203946	0.14743421942423524	0.3401788527095815	0.7031564658977308
600000	647629.5	0.14200771467141124	0.1383795094787722	0.12593703203148063	0.2859625241444514	0.6617721342766963
700000	747649.5	0.1297682388203436	0.12435722314910874	0.11081641198540393	0.2558534325942226	0.617652691
800000	847669.5	0.11804583777184571	0.11252297250581093	0.098484222	0.22708752050067912	0.58331005
900000	947689.5	0.10853232237559432	0.10245214130833671	0.088481691	0.20271527562734495	0.5590160720587782
1000000	1047709.5	0.10241553429549073	0.095048895	0.080631038	0.18218563054004955	0.536101028
1100000	1147729.5	0.096949485	0.08807495	0.075057159	0.17308887746645443	0.5159439648795535
1200000	1247749.5	0.091250723	0.081945713	0.068935592	0.15964806582251692	0.4904726873196818
1300000	1347769.5	0.08681064	0.076844345	0.064370177	0.14857970243637614	0.4808253785826269
1400000	1447789.5	0.082478849	0.07133502	0.059830282	0.1346109168538506	0.4665635524284307
1500000	1547809.5	0.078056124	0.066846548	0.055539317810432656	0.1291942214192382	0.4500229714422831
1600000	1647829.5	0.075197751	0.062385921	0.051661514329063546	0.12249041364065552	0.44046051800119834
1700000	1747849.5	0.07169787	0.058827985520071305	0.048568108	0.1151710199258334	0.42609371994834944
1800000	1847869.5	0.069013568	0.055075413789163495	0.04523434	0.10888811932674974	0.408491519
1900000	1947889.5	0.066556585	0.051145056	0.042427134	0.10080738968031963	0.3953682867953172
2000000	2047909.5	0.064461966	0.04803994	0.039142966434360126	0.094483626	0.38369896839986406
2100000	2147929.5	0.061302448599869275	0.045202798	0.037242021428893164	0.088247471	0.37059311075756446
2200000	2247949.5	0.059686303	0.042437094	0.034416999	0.08598315	0.35779665933473104
2300000	2347969.5	0.058130999	0.04000824	0.032263153750007566	0.078964447	0.34384604046806144
2400000	2447989.5	0.056408598	0.037872145820836006	0.030034250547200953	0.077262404	0.3343060588452752
2500000	2548009.5	0.054353022	0.035487139	0.028169057778796292	0.072335842	0.32509639715728234
2600000	2648029.5	0.053089837806666415	0.033797781	0.026497617	0.069075787	0.31155229843462773
2700000	2748049.5	0.051308556	0.03180537	0.024909366907184885	0.066849028	0.30362766748264397
2800000	2848069.5	0.050095855433344605	0.030073077	0.023302998	0.0600639	0.29417926201995287
2900000	2948089.5	0.049297737412021383	0.028525664602171638	0.022017071314679473	0.05949	0.2829689793891616
3000000	3048109.5	0.047865294216885915	0.027028856	0.020785306098036554	0.057720545	0.276032817
3100000	3148129.5	0.046892267	0.025953513496149976	0.019658753917523204	0.051977625717920535	0.26527365651303747
3200000	3248149.5	0.045714221	0.024797177	0.018598384	0.050899506	0.2551334297360679
3300000	3348169.5	0.045711986	0.023837216	0.017555696498131775	0.048596648458256585	0.24484296565561867
3400000	3448189.5	0.044528243629267265	0.023076949	0.016610639383170072	0.04512322	0.2404187579249412
3500000	3548209.5	0.043294347	0.021786743525507628	0.015938755617837353	0.043873591	0.2335590996193582
3600000	3648229.5	0.042858595	0.021390119762494154	0.015294324	0.044726347	0.22438569284243007
3700000	3748249.5	0.042105052	0.020367088970092106	0.014707393234963163	0.039622476	0.21587926129963658
3800000	3848269.5	0.04215094	0.019116185	0.013911618821030735	0.039892729	0.20558484306692137
3900000	3948289.5	0.040465332	0.018875156	0.013180346318565668	0.035327997	0.20054020548306742
4000000	4048309.5	0.040498421672100895	0.017943833	0.012671171759041085	0.034685092455996144	0.19746180447462405
4100000	4148329.5	0.039876043	0.017502112799124805	0.012191554	0.034974370494913906	0.19009381568968292
4200000	4248349.5	0.039910157	0.017124585131192145	0.011806352900637276	0.030882331624351188	0.18084866422466825
4300000	4348369.5	0.039074999	0.016439741503509412	0.011316607593077444	0.028712688	0.17540822257585797
4400000	4448389.5	0.038370365	0.015752903946135648	0.011049397523787158	0.028540890685794174	0.1723907846950619
4500000	4548409.5	0.038034825	0.015757742841261524	0.010564671395220033	0.025617835	0.16441056455990602
4600000	4648429.5	0.037646390034973914	0.015120951	0.010239865	0.024929981547272023	0.15402229039625137
4700000	4748449.5	0.036862474	0.014806977835089977	0.00997199	0.025170823	0.15327500285849782
4800000	4848469.5	0.036894313	0.014403739473733454	0.009614502	0.025530868745512216	0.14662393424759976
4900000	4948489.5	0.036272709382171496	0.013859654180157157	0.009205802	0.022174745768751235	0.1440836089251869
5000000	5048509.5	0.036356683	0.013639025	0.008965327	0.022344074	0.13619883037948952
5100000	5148529.5	0.03580701	0.013368366	0.00877459	0.020673837123307805	0.1339765264955342
5200000	5248549.5	0.035116998	0.012873615740063071	0.008664794	0.019744684	0.12532366228946462
5300000	5348569.5	0.034990669	0.012757421575643446	0.008461364	0.0176483	0.11963515500993359
5400000	5448589.5	0.034494697140754996	0.012472555371010247	0.008252326	0.017677193	0.11974805395131621
5500000	5548609.5	0.035335678	0.012377418951813114	0.008206234	0.016888889335760684	0.11291705788161571
5600000	5648629.5	0.034005257693809264	0.011925217610455943	0.008022369	0.017157607	0.11082170702082225
5700000	5748649.5	0.034140805895056824	0.011957083259405423	0.007754683	0.015257124806089243	0.10285796848305002
5800000	5848669.5	0.034199347159035574	0.012361533231528088	0.008771408	0.016344321994572156	0.10033168783271738
5900000	5948689.5	0.032883136	0.011289819666740301	0.007606749	0.015063308211608981	0.093531352
6000000	6048709.5	0.033073303	0.011029654	0.007130393	0.013086934	0.087867284
6100000	6148729.5	0.032573655	0.010990169734411793	0.007053581	0.012460485112388847	0.084243655
6200000	6248749.5	0.03159527	0.010655107	0.006842802	0.011415325041420172	0.082288356
6300000	6348769.5	0.031192441544604644	0.010678470300503095	0.006752806	0.011481550471491617	0.075841394
6400000	6448789.5	0.031733454	0.010417006	0.006582269	0.010030062895556253	0.076803247
6500000	6548809.5	0.031139101015626412	0.010128929016334795	0.006469349	0.009471518	0.06711451
6600000	6648829.5	0.031505743	0.010024332629632215	0.006470494	0.009000644	0.069390265
6700000	6748849.5	0.030667972498805908	0.010045720899892087	0.006378034	0.010225121396027376	0.066227167
6800000	6848869.5	0.030341407211049765	0.009632156	0.006203117	0.009610074	0.061237789
6900000	6948889.5	0.029347188470918415	0.009834797	0.005915367	0.008997821	0.057246602010681324
7000000	7048909.5	0.030268929908298443	0.009352302	0.005964882	0.007382475	0.054580611263628606
7100000	7148929.5	0.029395976426075464	0.009150167	0.005872901	0.008308104	0.051666852
7200000	7248949.5	0.029943131233311042	0.009314385	0.005806624	0.006724684	0.049782389
7300000	7348969.5	0.029627784909119447	0.009187339	0.005568194	0.007538662	0.045512407
7400000	7448989.5	0.028784388814157964	0.008992609	0.005433058	0.00692307	0.043390778259432626
7500000	7549009.5	0.028847966	0.008885309	0.005553103	0.007834232	0.042238965
7600000	7649029.5	0.028659052	0.009086954	0.005329171	0.008025349	0.04119501
7700000	7749049.5	0.027429785493470808	0.008711718	0.005322085	0.006353771	0.038345041
7800000	7849069.5	0.027481057	0.008347713	0.005163416	0.00699604	0.040196029
7900000	7949089.5	0.028219227	0.008499334	0.005167364	0.006464877	0.034243367
8000000	8049109.5	0.027229177544810697	0.008347231	0.005281696	0.008556235	0.030184968333114535
8100000	8149129.5	0.027865056	0.008278871	0.004969085	0.00557505	0.033572144560138656
8200000	8249149.5	0.026979291311053206	0.007939539	0.004725243	0.005066497	0.027945436341111518
8300000	8349169.5	0.027708407562461627	0.0076919	0.004897226	0.004723807	0.026942109
8400000	8449189.5	0.026290852540865474	0.007946613	0.004615861	0.004365052	0.023352359039697682
8500000	8549209.5	0.025352091742391242	0.007505258	0.004636511	0.005552879	0.023873041
8600000	8649229.5	0.025790405	0.007865747	0.00436354	0.005217697	0.021127261706973557
8700000	8749249.5	0.025203931	0.007712835	0.004524183	0.005255746	0.022740533717839347
8800000	8849269.5	0.025283072	0.007616372	0.004537762	0.004794959	0.019196216
8900000	8949289.5	0.025280714196769798	0.007582057	0.004292365	0.004717452	0.018531338
9000000	9049309.5	0.025079737262928142	0.00718327	0.004353697	0.005395311	0.019931436300670676
9100000	9149329.5	0.024296231016007308	0.00719285	0.004173485	0.003992353	0.017931862818659522
9200000	9249349.5	0.024842654278613877	0.007081792	0.004289856	0.005618194	0.017550648744613134
9300000	9349369.5	0.024633046922248786	0.007000706	0.004036789	0.004178432	0.015766662263645568
9400000	9449389.5	0.023662223	0.007159075	0.004032066	0.00351957	0.017819838
9500000	9549409.5	0.023234414671352104	0.007053215	0.003763942	0.003928381	0.014979156273093605
9600000	9649429.5	0.023243755	0.006846371	0.004037858	0.003172612	0.015585073515177092
9700000	9749449.5	0.023019226	0.006761912	0.003933965	0.003771497	0.014693333355249524
9800000	9849469.5	0.024298558626641143	0.007510344	0.004416471	0.007512332	0.01749545
9900000	9949489.5	0.022346107	0.006492112	0.003841431	0.004542618	0.014734815527805156
10000000	10049509.5	0.022077917967217572	0.006559161	0.003769184	0.004240587	0.013546315313538412
10100000	10149529.5	0.022427467790688927	0.006131956	0.003826837	0.003718976	0.013595836867641733
10200000	10249549.5	0.021811442989762037	0.006722749	0.003707418	0.003473579	0.018562618339477505
10300000	10349569.5	0.022410806	0.006240314	0.003599502	0.003367245	0.014346602361905703
10400000	10449589.5	0.021063578757304358	0.006151081	0.003755569	0.002855454	0.016192656
10500000	10549609.5	0.020547585758974432	0.006421131	0.003554988	0.003404048	0.011887848838937903
10600000	10649629.5	0.022386428585364077	0.006333689	0.003664394	0.004790535	0.011887361959990584
10700000	10749649.5	0.021197135977743423	0.006219012	0.003309779	0.003183412	0.010786985643053764
10800000	10849669.5	0.020454425	0.005821046	0.003425485	0.003298305	0.010576647348823279
10900000	10949689.5	0.020445775170522346	0.005895486	0.003420671	0.004459987	0.012268249
11000000	11049709.5	0.021337865	0.005725904	0.003687956	0.003200569	0.011624471872241523
11100000	11149729.5	0.020399100913671787	0.006325477	0.003702459	0.002715862	0.010783434223394514
11200000	11249749.5	0.019757898	0.005994794	0.00334645	0.00315897	0.010636064
11300000	11349769.5	0.020044820379615424	0.00601168	0.003460369	0.003000917	0.010329052546314214
11400000	11449789.5	0.018835191688826188	0.005607718	0.003454141	0.002599735	0.017193061866668385
11500000	11549809.5	0.020991436667361568	0.005380085	0.003394042	0.00311534	0.010540867819380984
11600000	11649829.5	0.019756326805262146	0.00551127	0.003512068	0.006027087	0.00991136
11700000	11749849.5	0.020383982455175045	0.005913522	0.003598047	0.00332061	0.011535339055513892
11800000	11849869.5	0.018679857570295003	0.005206636	0.00308458	0.002585907	0.011322451026886593
11900000	11949889.5	0.019144485	0.005293069	0.003423934	0.003698941	0.019275397203427542
12000000	12049909.5	0.017875557880100833	0.005378565	0.003320453	0.003437498	0.009795307
12100000	12149929.5	0.018157929364069313	0.005433387	0.003560677	0.005702795	0.00934414
12200000	12249949.5	0.017264982666994787	0.005645288	0.003277851	0.003236563	0.010247781458481871
12300000	12349969.5	0.017867011451163328	0.00530476	0.003203112	0.002661823	0.008253027
12400000	12449989.5	0.018281707	0.005408926	0.003114	0.003392345	0.008293619
12500000	12550009.5	0.017511574445216244	0.005267055	0.003466348	0.002095405	0.006957546
12600000	12650029.5	0.017332150946119635	0.005122882	0.003150311	0.002407081	0.008653472
12700000	12750049.5	0.016155973488039408	0.005351654	0.003134276	0.002590956	0.007037001
12800000	12850069.5	0.016135664667706478	0.005029961	0.003626095	0.00275728	0.007400744
12900000	12950089.5	0.016837520615368248	0.004956376	0.003357677	0.002033404	0.006234076
13000000	13050109.5	0.016657169726102563	0.004831264	0.003076272	0.002077023	0.007280023
13100000	13150129.5	0.015304000521219462	0.005283921	0.003144979	0.001862079	0.006730738
13200000	13250149.5	0.016651869	0.004630758	0.00283918	0.002264194	0.007523974
13300000	13350169.5	0.015018215	0.004427681	0.002658162	0.003241942	0.007885544
13400000	13450189.5	0.015051628023088216	0.004620081	0.002954512	0.003205568	0.007374873
13500000	13550209.5	0.014249956	0.004685441	0.002803534	0.002611562	0.007603673
13600000	13650229.5	0.015336036530187806	0.004641779	0.002930051	0.00319771	0.007342027
13700000	13750249.5	0.013295159652494861	0.004383165	0.003289062	0.00353974	0.007056838
13800000	13850269.5	0.014535251080317437	0.004285053	0.003123699	0.002498374	0.007068776
13900000	13950289.5	0.013255395637220132	0.004766812	0.003111396	0.00435602	0.007947955
14000000	14050309.5	0.013832978811028733	0.004885238	0.003389037	0.00300463	0.007817721
14100000	14150329.5	0.013072093786802647	0.004606517	0.002982594	0.002918824	0.008377883
14200000	14250349.5	0.014085890668163499	0.00446678	0.002993357	0.00383493	0.009223929
14300000	14350369.5	0.013040529609351245	0.004600535	0.002958755	0.004262686	0.009088927
14400000	14450389.5	0.012105561	0.00413694	0.002776321	0.002054669	0.0084412
14500000	14550409.5	0.012813623802485389	0.004393528	0.003063143	0.004113746	0.007174654
14600000	14650429.5	0.013537245	0.003857694	0.002610578	0.003110139	0.008317791
14700000	14750449.5	0.014369704869968997	0.005360463	0.003052009	0.002520069	0.007274166
14800000	14850469.5	0.011532986583942955	0.004358675	0.002572515	0.011689807728555126	0.008698423
14900000	14950489.5	0.014001447995129191	0.004212805	0.00273058	0.003396245	0.008349949
15000000	15050509.5	0.014149787	0.003700865	0.002837615	0.003460634	0.008949281
15100000	15150529.5	0.012465090907397329	0.004098707	0.00283977	0.010575139947768198	0.008487116
15200000	15250549.5	0.011145809244279154	0.004211732	0.002662595	0.002806628	0.008905751
15300000	15350569.5	0.012649966767695456	0.00409479	0.002677352	0.003588559	0.007310043
15400000	15450589.5	0.011955184663830134	0.004220522	0.002781196	0.002951306	0.009181784
15500000	15550609.5	0.011838282	0.003768484	0.003178727	0.003012049	0.00738722
15600000	15650629.5	0.011938400128711406	0.004275644	0.003107141	0.002317727	0.015354769548331575
15700000	15750649.5	0.013339412417050623	0.003540992	0.002544665	0.003446492	0.009683976
15800000	15850669.5	0.011211274	0.004011515	0.002635965	0.002481877	0.00982613
15900000	15950689.5	0.013945979046773705	0.004188723	0.002612534	0.003901325	0.009627278
16000000	16050709.5	0.010828020633885433	0.003827034	0.002724988	0.003415407	0.009750049
16100000	16150729.5	0.010867113963074278	0.003739967	0.003083369	0.004110366	0.010522364515452812
16200000	16250749.5	0.011752397311306123	0.004337312	0.003506266	0.002186001	0.009251333
16300000	16350769.5	0.012525534693419162	0.003525506	0.002577464	0.004498427	0.00715908
16400000	16450789.5	0.012355315	0.005480293	0.002744179	0.006880844	0.008771233
16500000	16550809.5	0.011817317255380636	0.003737589	0.003703473	0.003586769	0.009263692
16600000	16650829.5	0.010131292418333633	0.00374745	0.0032378	0.004442348	0.011011234
16700000	16750849.5	0.010384449916691992	0.00520922	0.002932647	0.004860345	0.031123388
16800000	16850869.5	0.012127328	0.004634576	0.003418752	0.009412783	0.020531179286765327
16900000	16950889.5	0.011925603916472231	0.004448374	0.003215076	0.004088951	0.009707626
17000000	17050909.5	0.010632732268377635	0.003888861	0.003061265	0.002261098	0.008319671
17100000	17150929.5	0.011079385445345253	0.00377445	0.003580493	0.00419566	0.007989773
17200000	17250949.5	0.009231739	0.004210323	0.003029934	0.005287396	0.010241246
17300000	17350969.5	0.008572073	0.004674174	0.002968878	0.003276697	0.008274996
17400000	17450989.5	0.010913165488121159	0.003466889	0.002780763	0.004260933	0.008114808
17500000	17551009.5	0.011454401	0.004742249	0.002697705	0.003439185	0.007911432
17600000	17651029.5	0.011869693422280182	0.003441646	0.002547765	0.002170306	0.009302148
17700000	17751049.5	0.008853927	0.003933956	0.002910335	0.003863978	0.009578522
17800000	17851069.5	0.011315871529446665	0.003091049	0.002515528	0.002366248	0.009332309
17900000	17951089.5	0.011440079846480886	0.004221133	0.00268672	0.005165944	0.010650186728285332
18000000	18051109.5	0.009798846	0.003789159	0.002745116	0.016610672533221887	0.009727927
18100000	18151129.5	0.009262285	0.003580298	0.002722166	0.002083132	0.010845883602644426
18200000	18251149.5	0.009722452	0.004745583	0.003605157	0.013050747791527676	0.009089181
18300000	18351169.5	0.007904591	0.002579491	0.002223006	0.001008735	0.012428116994166434
18400000	18451189.5	0.009851662	0.004563987	0.002544641	0.002745768	0.017441689477093736
18500000	18551209.5	0.008937119	0.004048494	0.002539503	0.003538097	0.008745258
18600000	18651229.5	0.008874654	0.003227708	0.002753917	0.002872857	0.011556232027636434
18700000	18751249.5	0.00896752	0.002733564	0.003060188	0.003072197	0.014550463246959066
18800000	18851269.5	0.007512071	0.003234774	0.002308244	0.00308538	0.010262820537856088
18900000	18951289.5	0.007639656	0.003273605	0.002630717	0.002281504	0.010932022929206605
19000000	19051309.5	0.008905117	0.003367508	0.002773761	0.00460864	0.0097433
19100000	19151329.5	0.00920315	0.002795796	0.00264311	0.002817723	0.008272604
19200000	19251349.5	0.008255353	0.003296998	0.002580628	0.001520742	0.008788001
19300000	19351369.5	0.009793369	0.002843544	0.003026768	0.003023121	0.008142311
19400000	19451389.5	0.010181232013074725	0.003911301	0.002296066	0.00590591	0.009595077
19500000	19551409.5	0.008064202	0.003350396	0.002465805	0.007293116	0.007880514
19600000	19651429.5	0.008964485	0.004198792	0.002123939	0.002976485	0.008556977
19700000	19751449.5	0.008686449	0.001982847	0.001904787	0.006427635	0.013167032787629176
19800000	19851469.5	0.008975627	0.004090365	0.003154504	0.002843087	0.006767171
19900000	19951489.5	0.007773833	0.003777278	0.002941591	0.003288627	0.005305614
20000000	20051509.5	0.008475601	0.00383798	0.002862357	0.004359234	0.007495586
20100000	20151529.5	0.007926483	0.005529563	0.003258106	0.001224008	0.00894677
20200000	20251549.5	0.010762199715495257	0.005481449	0.003901151	0.003349981	0.010017197720222384
20300000	20351569.5	0.008429975	0.002238838	0.00166813	0.001313012	0.010726926
20400000	20451589.5	0.007809923	0.003066518	0.002558328	0.001799616	0.007765182
20500000	20551609.5	0.006947834	0.004885306	0.003435382	0.00114423	0.015328619777806399
20600000	20651629.5	0.008643163	0.002601206	0.001288026	0.001326729	0.009517638
20700000	20751649.5	0.007798606	0.004222983	0.002390834	0.001611958	0.009277606
20800000	20851669.5	0.007008052	0.00455675	0.004687105	0.003965261	0.012346065919636873
20900000	20951689.5	0.007305279	0.002297349	0.001836358	0.007027096	0.012806359
21000000	21051709.5	0.007663252	0.003320571	0.002343144	0.005078785	0.006634065
21100000	21151729.5	0.006528555	0.00285439	0.001887527	0.001180979	0.021531375363521597
21200000	21251749.5	0.006435497	0.002461421	0.002002253	0.007287237	0.010324889599817578
21300000	21351769.5	0.012822822740971894	0.003295927	0.00438848	0.008669252	0.010497667518668801
21400000	21451789.5	0.007997006	0.001966251	0.00257456	0.002059606	0.013045814274036721
21500000	21551809.5	0.015934239537173312	0.00508827	0.004325457	0	0.016060908
21600000	21651829.5	0.010740780070464159	0.002645396	0.001614592	0.003396563	0.005351279
21700000	21751849.5	0.020561119424593176	0.001977091	0.004353721	0.017296552	0.015446274832969311
21800000	21851869.5	0.009953655	0.003653515	0.002336638	0.024087495	0.006723918
21900000	21951889.5	0.005825487	0.003377342	0.006066527	0.005036135	0.020184822922933204
22000000	22051909.5	0.007209556	0.006911228	0.003593581	0.004266192	0.007582582
22100000	22151929.5	0.014603321030615197	0.005767222	0.010594765559258217	0.014029122278459984	0.4959930945361871
22200000	22251949.5	0.045107289259970276	0.078750225	0.099871096	0.23598753557534802	0.11832386534988572
22300000	22351969.5	0.17281980155778376	0.3463246766936527	0.2724097255969445	0	0.30238707616400334
22400000	22451989.5	0	0.002883128	0.040880019	0	0
22500000	22552009.5	0	0	0	0	0
